1 0.263158 1.216216 -2.284768 -1.857143 -4.109589 -5.000000 
2 0.263158 -1.306306 -1.357616 -1.142857 -4.383562 -5.000000 
2 0.526316 -2.207207 -3.079470 -3.428571 -3.321918 -5.000000 
2 1.842105 -0.045045 -3.013245 -2.285714 -3.938356 -5.000000 
2 0.789474 -0.765766 -4.470199 -1.714286 -4.828767 -5.000000 
2 3.684211 -2.117117 -4.403974 -3.285714 -4.589041 -5.000000 
1 1.052632 -1.486486 -3.940397 -3.285714 -4.863014 -4.750000 
1 1.052632 -1.036036 -3.874172 -4.142857 -4.794521 -4.750000 
1 2.105263 -2.207207 -3.807947 -2.857143 -4.931507 -4.750000 
1 1.578947 -1.666667 -3.609272 -3.000000 -5.000000 -4.750000 
1 1.315789 -2.387387 -4.403974 -2.285714 -4.657534 -4.750000 
1 -0.526316 -1.486486 -4.139073 -3.285714 -4.657534 -4.750000 
1 1.578947 -1.306306 -1.225166 -1.142857 -4.726027 -4.750000 
1 0.526316 -0.135135 -3.609272 -3.000000 -4.554795 -4.750000 
1 3.157895 -1.036036 -3.344371 -2.857143 -4.794521 -4.750000 
1 1.842105 -0.045045 -3.940397 -1.285714 -4.554795 -4.750000 
1 1.315789 -1.036036 -3.741722 -3.428571 -4.828767 -4.750000 
1 1.315789 0.045045 -4.139073 -3.285714 -4.623288 -4.750000 
1 1.842105 2.567568 -3.940397 -2.857143 -3.253425 -4.750000 
1 2.631579 3.378378 -4.536424 -1.000000 -4.794521 -4.750000 
1 2.105263 -1.756757 -2.947020 -3.857143 -4.520548 -4.750000 
1 2.368421 -5.000000 -2.947020 -2.857143 -4.486301 -4.750000 
1 1.578947 -1.666667 -3.741722 -1.857143 -5.000000 -4.750000 
1 3.157895 -0.945946 -4.072848 -3.000000 -4.520548 -4.750000 
1 0.000000 0.135135 -2.152318 -1.000000 -1.849315 -4.750000 
1 2.105263 -0.765766 -3.675497 -3.857143 -4.280822 -4.750000 
1 1.578947 -2.837838 -3.410596 -3.571429 -4.554795 -4.750000 
1 1.052632 -1.126126 -3.940397 -2.714286 -4.828767 -4.750000 
1 1.842105 2.117117 -4.139073 -3.857143 -4.520548 -4.750000 
1 0.789474 -3.378378 -3.211921 -3.000000 -4.623288 -4.750000 
1 0.526316 0.045045 -3.410596 -3.428571 -4.589041 -4.750000 
1 1.842105 -1.936937 -3.211921 -2.428571 -3.732877 -4.750000 
1 2.368421 -0.135135 -3.145695 -3.142857 -4.178082 -4.750000 
1 1.052632 1.576577 -3.410596 -2.714286 -3.801370 -4.750000 
1 2.631579 -1.216216 -3.807947 -3.142857 -4.794521 -4.750000 
2 1.842105 -0.585586 5.000000 4.000000 -2.363014 -4.750000 
2 0.263158 -2.207207 -2.152318 -1.000000 -4.417808 -4.750000 
2 -1.315789 -3.558559 -4.337748 -3.000000 -4.863014 -4.750000 
2 0.263158 0.585586 -3.609272 -2.000000 -4.143836 -4.750000 
2 1.315789 -1.396396 -3.675497 -2.857143 -3.869863 -4.750000 
2 0.000000 1.216216 -0.761589 -0.428571 -3.664384 -4.750000 
2 1.315789 -0.945946 -3.543046 -0.142857 -3.732877 -4.750000 
2 1.315789 2.027027 -4.072848 -2.142857 -4.726027 -4.750000 
2 0.526316 0.495495 -4.072848 -3.714286 -4.623288 -4.750000 
2 0.263158 -1.216216 -3.609272 -3.714286 -4.554795 -4.750000 
2 1.052632 -1.576577 -4.006623 -2.714286 -4.726027 -4.750000 
2 2.105263 -2.027027 -4.337748 -3.428571 -4.828767 -4.750000 
2 2.894737 -2.567568 -3.344371 -2.142857 -3.458904 -4.750000 
2 1.842105 -0.315315 -3.675497 -2.571429 -4.794521 -4.750000 
2 -0.263158 -3.468468 -3.344371 -2.142857 -3.869863 -4.750000 
2 1.315789 -0.405405 -4.006623 -2.428571 -4.623288 -4.750000 
2 0.263158 -1.306306 -3.675497 -2.571429 -4.794521 -4.750000 
2 2.105263 -1.936937 -1.026490 -0.571429 -2.089041 -4.750000 
2 2.631579 -2.747748 -4.536424 -2.428571 -3.698630 -4.750000 
2 0.789474 -2.387387 -3.874172 -3.000000 -4.143836 -4.750000 
2 0.263158 -1.216216 -3.741722 -1.571429 -4.657534 -4.750000 
2 0.000000 0.315315 -3.874172 -2.714286 -4.520548 -4.750000 
2 1.052632 -2.657658 -3.940397 -2.571429 -4.520548 -4.750000 
2 3.157895 -1.036036 -3.543046 -2.000000 -3.938356 -4.750000 
2 1.578947 -1.396396 -3.675497 -2.285714 -4.349315 -4.750000 
2 1.578947 -3.018018 -3.079470 -0.857143 -4.246575 -4.750000 
2 1.578947 -0.585586 -4.337748 -3.571429 -4.554795 -4.750000 
2 1.842105 -2.117117 -5.000000 -4.571429 -4.726027 -4.750000 
2 1.842105 -2.387387 -4.271523 -2.571429 -4.794521 -4.750000 
1 0.789474 -0.675676 -3.145695 -3.000000 -4.246575 -4.500000 
1 1.315789 -0.135135 -3.543046 -2.857143 -4.520548 -4.500000 
2 1.315789 -1.036036 -4.933775 -3.285714 -4.691781 -4.500000 
2 0.263158 -2.477477 -3.543046 -2.285714 -4.383562 -4.500000 
2 5.000000 -0.315315 -4.006623 -1.428571 -4.726027 -4.500000 
2 1.578947 -1.396396 -4.205298 -2.714286 -4.691781 -4.500000 
1 1.578947 -1.396396 -3.344371 -2.428571 -3.219178 -4.000000 
1 1.578947 -1.036036 -2.947020 -3.000000 -3.972603 -4.000000 
1 0.789474 -1.126126 -3.476821 -2.571429 -4.863014 -4.000000 
1 1.578947 -0.495495 -3.013245 -2.714286 -4.417808 -4.000000 
1 0.526316 -2.207207 -3.940397 -2.714286 -4.623288 -4.000000 
1 1.578947 0.135135 -4.006623 -3.714286 -3.732877 -4.000000 
2 0.789474 1.036036 -2.417219 -1.714286 0.171233 -4.000000 
2 3.157895 -0.585586 -3.410596 -3.000000 -4.143836 -4.000000 
2 1.842105 -2.117117 -4.668874 -2.142857 -4.623288 -4.000000 
2 2.894737 -0.045045 -3.476821 -2.142857 -4.143836 -4.000000 
2 2.105263 2.027027 -3.013245 -1.428571 -2.979452 -4.000000 
2 1.315789 -2.477477 -2.549669 -2.571429 -3.527397 -4.000000 
2 1.842105 1.846847 -2.483444 -1.000000 -4.623288 -4.000000 
2 2.631579 -1.846847 -3.874172 -3.142857 -4.280822 -4.000000 
2 2.105263 -1.666667 -3.278146 -1.857143 5.000000 -4.000000 
2 2.631579 -1.846847 -3.874172 -3.142857 -4.280822 -4.000000 
2 1.052632 -2.837838 -3.079470 -2.000000 -4.178082 -4.000000 
2 2.105263 -1.216216 -4.139073 -2.142857 -4.863014 -4.000000 
1 2.105263 0.045045 -3.807947 -2.857143 -4.794521 -3.500000 
1 0.000000 0.405405 -3.940397 -2.142857 -4.931507 -3.500000 
1 1.052632 -0.945946 -3.476821 -2.714286 -4.280822 -3.500000 
1 0.526316 -2.747748 -3.940397 -2.857143 -4.965753 -3.500000 
1 3.947368 -0.855856 -2.284768 -1.142857 -4.143836 -3.500000 
1 1.052632 -1.126126 -3.741722 -4.000000 -4.657534 -3.500000 
1 1.315789 -1.486486 -2.483444 -1.428571 -4.486301 -3.500000 
1 1.578947 -2.477477 -3.741722 -3.285714 -4.246575 -3.500000 
2 -0.789474 -1.576577 -3.145695 -0.428571 -3.356164 -3.500000 
2 1.315789 0.945946 -3.741722 -3.142857 -1.609589 -3.500000 
2 1.315789 -1.216216 -3.543046 -3.142857 -3.938356 -3.500000 
2 2.105263 -0.315315 -3.543046 -2.000000 -4.349315 -3.500000 
2 0.263158 -1.756757 -3.609272 -2.857143 -4.315068 -3.500000 
2 2.105263 -1.576577 -4.072848 -3.857143 -2.397260 -3.500000 
1 1.315789 -1.396396 -3.807947 -1.857143 -4.828767 -3.000000 
1 1.578947 0.495495 -4.072848 -2.428571 -4.726027 -3.000000 
1 1.052632 1.486486 -3.609272 -3.000000 -4.691781 -3.000000 
1 1.315789 -3.918919 -3.476821 -1.571429 -4.589041 -3.000000 
1 1.842105 0.135135 -2.814570 -2.428571 -4.246575 -3.000000 
1 1.842105 2.747748 -3.079470 -3.571429 -4.554795 -3.000000 
1 1.842105 -1.216216 -4.139073 -5.000000 -4.931507 -3.000000 
2 1.052632 2.567568 -3.344371 -2.857143 -3.458904 -3.000000 
2 0.789474 -0.225225 -3.807947 2.142857 -4.863014 -3.000000 
2 0.789474 0.675676 -3.410596 -2.428571 -4.452055 -3.000000 
2 0.789474 -3.288288 -3.543046 -2.428571 -4.589041 -3.000000 
2 1.052632 0.135135 -3.675497 -2.142857 -4.589041 -3.000000 
2 1.578947 1.576577 -3.013245 1.285714 0.616438 -3.000000 
2 0.526316 -1.036036 -4.536424 -3.571429 -4.897260 -3.000000 
2 2.105263 -3.468468 -4.006623 -2.857143 -4.452055 -3.000000 
2 0.263158 -1.666667 -4.139073 -2.714286 -4.691781 -3.000000 
2 1.315789 1.036036 -4.271523 -3.285714 -4.315068 -3.000000 
2 1.842105 -1.936937 -4.271523 -3.428571 -4.623288 -3.000000 
2 3.157895 -2.117117 -2.086093 -0.142857 -3.732877 -3.000000 
2 -1.315789 2.027027 -4.139073 -1.857143 -4.383562 -3.000000 
2 1.578947 5.000000 -4.337748 -2.857143 -4.691781 -3.000000 
2 1.315789 -0.225225 -4.337748 -2.714286 -4.349315 -3.000000 
2 1.052632 1.306306 -3.344371 -1.857143 -4.109589 -3.000000 
2 1.578947 -1.036036 -4.602649 -3.428571 -4.623288 -3.000000 
2 2.105263 -0.495495 -3.675497 -2.714286 -3.527397 -3.000000 
2 1.842105 -2.117117 -3.410596 -1.714286 -2.363014 -3.000000 
2 -0.263158 -3.018018 -4.006623 -2.714286 -4.726027 -3.000000 
2 1.578947 -0.405405 -4.006623 -3.714286 -4.417808 -3.000000 
1 2.105263 -1.126126 -3.874172 -3.428571 -4.041096 -2.500000 
1 2.368421 -1.396396 -3.543046 -3.142857 -4.554795 -2.500000 
2 0.526316 -0.045045 -2.152318 -0.142857 -1.506849 -2.500000 
2 3.421053 -3.108108 2.218543 0.714286 -0.034247 -2.500000 
2 0.789474 -1.756757 -4.271523 -3.000000 -4.760274 -2.500000 
2 0.526316 -3.108108 -3.874172 -4.142857 -4.657534 -2.500000 
2 0.789474 -1.306306 -4.205298 -2.857143 -4.349315 -2.500000 
2 2.105263 -1.936937 -3.874172 -2.428571 -4.417808 -2.500000 
2 1.578947 -0.765766 -3.609272 -2.428571 -1.335616 -2.500000 
2 3.947368 -1.756757 -4.139073 -3.000000 -4.794521 -2.500000 
1 2.105263 0.135135 -4.602649 -2.000000 -4.486301 -2.000000 
1 2.894737 -1.666667 -3.543046 -2.571429 -4.212329 -2.000000 
1 1.842105 -1.396396 -3.609272 -2.000000 -4.657534 -2.000000 
1 2.105263 -1.486486 -2.814570 -2.714286 -3.938356 -2.000000 
1 2.894737 -2.567568 -4.403974 -3.714286 -4.657534 -2.000000 
1 1.578947 -0.225225 -2.814570 -3.000000 -3.458904 -2.000000 
1 3.157895 -0.765766 -0.629139 -2.000000 -3.938356 -2.000000 
1 2.894737 -1.486486 -1.026490 0.285714 -2.568493 -2.000000 
1 2.105263 -1.486486 -3.940397 -2.428571 -4.486301 -2.000000 
1 1.842105 -1.396396 -3.609272 -2.000000 -4.657534 -2.000000 
2 -0.526316 -2.027027 -0.827815 -0.285714 -2.020548 -2.000000 
2 2.105263 0.315315 -3.476821 -2.285714 -3.904110 -2.000000 
2 1.578947 -1.396396 -4.470199 -2.000000 -4.452055 -2.000000 
2 1.052632 -3.738739 -4.668874 -3.571429 -4.623288 -2.000000 
2 4.210526 -1.666667 -3.344371 -2.428571 -2.568493 -2.000000 
2 3.684211 -3.198198 -2.947020 -2.428571 -2.808219 -2.000000 
2 1.842105 -0.405405 0.496689 1.428571 -2.876712 -2.000000 
2 2.105263 0.765766 -1.490066 -2.142857 -3.664384 -2.000000 
2 2.368421 1.846847 -2.880795 -0.857143 -3.527397 -2.000000 
2 1.578947 -0.585586 -4.139073 -3.000000 -4.520548 -2.000000 
2 3.421053 1.306306 -3.874172 -2.857143 -2.842466 -2.000000 
2 2.368421 -2.567568 -4.072848 -2.142857 -4.589041 -2.000000 
2 1.578947 -1.936937 -3.940397 -2.000000 -4.041096 -2.000000 
2 2.105263 -0.225225 -3.211921 -1.714286 -3.767123 -2.000000 
2 1.052632 -2.117117 -4.006623 -3.285714 -4.691781 -2.000000 
2 1.315789 -1.396396 -3.675497 -1.571429 -4.178082 -2.000000 
1 2.105263 0.045045 -0.629139 -1.142857 -2.294521 -1.500000 
1 2.105263 1.306306 -1.423841 -0.714286 -1.061644 -1.500000 
2 2.368421 0.495495 -1.423841 1.000000 -3.047945 -1.500000 
1 3.421053 -0.675676 -3.344371 -2.571429 -3.390411 -1.000000 
1 0.000000 1.846847 -3.079470 -3.000000 -4.280822 -1.000000 
1 3.157895 -3.108108 -2.483444 -2.428571 -2.671233 -1.000000 
1 1.578947 -1.486486 -3.807947 -2.714286 -4.452055 -1.000000 
1 2.105263 1.396396 -4.072848 -3.285714 -4.965753 -1.000000 
1 1.578947 -1.036036 -0.165563 -0.142857 -1.267123 -1.000000 
1 3.421053 -0.675676 -3.344371 -2.571429 -3.390411 -1.000000 
2 1.842105 -0.855856 -3.609272 -2.142857 -2.910959 -1.000000 
2 2.368421 -1.756757 -4.139073 -2.857143 -4.691781 -1.000000 
2 2.105263 1.486486 0.364238 1.142857 1.678082 -1.000000 
2 1.578947 -2.567568 -3.543046 -2.571429 -3.356164 -1.000000 
2 1.842105 -1.486486 -1.357616 1.000000 -3.116438 -1.000000 
1 2.105263 1.306306 -3.807947 -1.714286 -0.958904 -0.500000 
1 2.105263 -0.135135 0.430464 0.142857 -4.109589 0.000000 
2 0.526316 -1.126126 -3.807947 -2.285714 -4.280822 0.000000 
2 3.684211 -1.936937 -3.211921 -0.857143 -2.671233 0.000000 
2 2.894737 0.135135 -1.953642 3.428571 -3.287671 0.000000 
2 2.105263 2.657658 -1.754967 -1.000000 -1.952055 1.000000 
2 3.421053 1.216216 -3.807947 -1.714286 -3.493151 1.000000 
1 2.368421 -0.135135 -2.682119 -0.428571 -1.472603 3.000000 
1 2.631579 0.405405 0.099338 -0.857143 1.712329 5.000000 
1 0.789474 -0.315315 -3.609272 -2.714286 -4.691781 -5.000000 
1 1.052632 -2.027027 -3.741722 -3.142857 -4.760274 -5.000000 
2 0.000000 1.666667 -2.549669 -2.857143 -4.075342 -5.000000 
1 2.631579 1.126126 -3.476821 -2.857143 -4.657534 -4.750000 
1 3.421053 -1.486486 -4.139073 -3.857143 -5.000000 -4.750000 
1 2.105263 0.585586 -3.609272 -2.857143 -4.760274 -4.750000 
1 -0.526316 -2.747748 -3.476821 -3.571429 -4.760274 -4.750000 
1 1.052632 -0.405405 -3.211921 -2.142857 -4.657534 -4.750000 
1 2.894737 -0.135135 -3.278146 -3.714286 -4.452055 -4.750000 
1 1.052632 1.396396 -3.543046 -3.142857 -4.897260 -4.750000 
1 1.842105 -0.765766 -4.006623 -3.000000 -4.417808 -4.750000 
1 -0.263158 -2.207207 -3.476821 -3.571429 -4.760274 -4.750000 
1 1.842105 2.387387 -2.615894 -2.000000 -3.253425 -4.750000 
1 0.526316 0.045045 -2.814570 -1.714286 -4.691781 -4.750000 
1 1.842105 1.576577 -2.947020 -2.571429 -0.547945 -4.750000 
1 1.315789 0.315315 -3.741722 -3.714286 -3.972603 -4.750000 
1 1.578947 -0.495495 -3.675497 -2.428571 -4.794521 -4.750000 
1 1.578947 0.765766 -4.006623 -2.142857 -4.520548 -4.750000 
1 1.315789 0.315315 -3.079470 -1.142857 -4.554795 -4.750000 
1 0.263158 0.045045 -4.139073 -4.571429 -4.863014 -4.750000 
1 0.263158 3.648649 -3.278146 -2.000000 -4.589041 -4.750000 
1 -1.578947 -0.855856 -3.675497 -3.142857 -4.109589 -4.750000 
1 1.052632 2.567568 -3.013245 -2.714286 -4.246575 -4.750000 
1 1.315789 3.288288 -4.139073 -1.857143 -4.931507 -4.750000 
1 2.105263 -1.036036 -3.741722 -3.571429 -4.760274 -4.750000 
1 1.315789 2.027027 -3.476821 -0.857143 -4.691781 -4.750000 
1 1.842105 0.495495 -4.536424 -4.000000 -4.828767 -4.750000 
2 2.631579 2.027027 -2.549669 -2.857143 -3.356164 -4.750000 
2 1.052632 -2.927928 -3.344371 -2.571429 -4.554795 -4.750000 
2 1.052632 3.918919 -2.947020 -1.571429 -3.732877 -4.750000 
2 0.000000 0.855856 -3.410596 -2.142857 -3.972603 -4.750000 
2 1.578947 0.045045 -4.072848 -3.571429 -4.349315 -4.750000 
2 0.789474 -0.855856 -3.807947 -2.000000 -4.794521 -4.750000 
2 -5.000000 -1.396396 -4.006623 -2.857143 -4.691781 -4.750000 
2 1.578947 -1.306306 -4.470199 -3.285714 -4.691781 -4.750000 
2 0.263158 -1.846847 -4.072848 -2.285714 -4.623288 -4.750000 
2 1.052632 0.225225 -2.549669 -1.857143 -3.938356 -4.750000 
2 0.526316 -0.045045 -1.821192 -1.571429 -3.047945 -4.750000 
2 -0.526316 -0.405405 -2.748344 -1.714286 -3.527397 -4.750000 
2 0.526316 -1.846847 -2.880795 -1.857143 -3.150685 -4.750000 
2 2.631579 -2.027027 -3.278146 -3.142857 -4.246575 -4.750000 
2 0.789474 -1.936937 -3.278146 -1.428571 -4.417808 -4.750000 
2 3.684211 -0.405405 4.536424 5.000000 0.273973 -4.750000 
2 2.631579 -0.315315 -3.940397 -2.142857 -3.869863 -4.750000 
2 -0.263158 -0.945946 -4.139073 -2.857143 -2.739726 -4.750000 
2 2.368421 -2.027027 -3.609272 -2.714286 -4.041096 -4.750000 
2 4.473684 -1.216216 -4.072848 -2.714286 -4.417808 -4.750000 
2 2.105263 -1.216216 -3.609272 -2.857143 -4.109589 -4.750000 
2 2.105263 -1.846847 -4.337748 -3.428571 -4.726027 -4.750000 
2 0.526316 -1.846847 -4.205298 -2.428571 -4.383562 -4.750000 
2 0.263158 -1.486486 -4.271523 -3.857143 -4.417808 -4.750000 
2 0.526316 -1.936937 -4.403974 -2.857143 -4.726027 -4.750000 
